CASO 1 - ISO

A B C D E
0 1 1 1 0
1 0 0 0 1
1 0 0 0 1
1 0 0 0 1
0 1 1 1 0

X Y Z W V
0 1 0 1 0
1 0 1 0 1
0 1 0 1 0
1 0 1 0 1
0 1 0 1 0

CASO 2 - N ISO

A B C D E
0 1 0 0 0
1 0 1 0 0
0 1 0 1 0
0 0 1 0 1
0 0 0 1 0

X Y Z W V
0 1 0 0 0
0 0 1 0 0
0 0 0 1 0
0 0 0 0 1
1 0 0 0 0

CASO 3 - N ISO

A B C D E
0 1 1 1 0
1 0 1 1 0
1 1 0 0 1
1 1 0 0 1
0 0 1 1 0

X Y Z W V
0 1 1 1 1
1 0 1 1 1
1 1 0 1 1
1 1 1 0 1
1 1 1 1 0

CASO 4 - ISO

1 2 3 4 5 6 7 8
0 1 0 1 0 0 0 0
1 0 1 0 1 0 0 0
0 1 0 1 0 1 0 0
1 0 1 0 0 0 1 0
0 1 0 0 0 0 0 1
0 0 1 0 0 0 1 0
0 0 0 1 0 1 0 1
0 0 0 0 1 0 1 0

A B C D E F G H
0 1 0 1 0 0 0 0
1 0 1 0 1 0 0 0
0 1 0 1 0 1 0 0
1 0 1 0 0 0 1 0
0 1 0 0 0 0 0 1
0 0 1 0 0 0 1 0
0 0 0 1 0 1 0 1
0 0 0 0 1 0 1 0

